52
54
56
75
94
120
121
127
128
130
135
151
153
159
161
162
164
165
166
167
170
176
178
180
216
218
221
254
260
305
319
377
379
382
394
422
486
497
512
514
515
518
528
531
532
558
564
586
591
594
595
602
612
624
633
640
652
687
691
692
695
698
717
718
719
748
751
763
764
777
790
791
793
808
814
863
869
892
902
933
941
953
980
988
996
1037
1041
1052
1054
1077
1083
1097
1109
1148
1216
1220
1228
1237
1238
1240
1254
1255
1264
1272
1278
1281
1286
1291
1293
1316
1329
1345
1347
1351
1364
1369
1385
1388
1395
1418
1435
1437
1439
1441
1443
1444
1447
1451
1455
1483
1488
1511
1513
1537
1554
1631
1642
1647
1649
1650
1655
1683
1687
1692
1694
1710
1731
1738
1745
1749
1765
1770
1782
1787
1791
1792
1799
1804
1806
1811
1822
1825
1829
1848
1850
1864
1866
1867
1871
1874
1879
1884
1886
1887
1888
1891
1903
1918
1939
1948
1950
1958
1961
1963
1964
1966
1981
1989
1990
2005
2017
2023
2031
2033
2034
2035
2048
2053
2088
2099
2102
2105
2106
2112
2117
2118
2136
2150
2153
2161
2176
2207
2223
2225
2227
2232
2244
2245
2250
2301
2332
2358
2373
2376
2380
2382
2385
2389
2390
2395
2396
2397
2398
2408
2411
2418
2419
2420
2422
2423
2425
2426
2431
2439
2465
2477
2480
2482
2483
2487
2490
2497
2505
2516
2535
2538
2539
2556
2605
2625
2627
2637
2669
2673
2737
2755
2783
2784
2800
2816
2820
2822
2830
2832
2861
2863
2864
2872
2874
2912
2913
2915
2926
2929
2930
2936
2956
2957
2995
2998
3000
3002
3008
3012
3044
3060
3095
3099
3100
3104
3147
3149
3152
3175
3178
3181
3182
3189
3192
3197
3205
3216
3237
3238
3257
3277
3283
3285
3336
3340
3346
3353
3354
3371
3410
3436
3442
3451
3452
3480
3492
3493
3533
3537
3592
3597
3598
3604
3605
3631
3632
3635
3637
3638
3640
3646
3649
3650
3653
3661
3662
3704
3719
3728
3733
3758
3765
3766
3769
3774
3799
3818
3820
3899
3909
3916
3926
3927
3928
3956
3962
3977
4019
4035
4038
4049
4064
4070
4094
4095
4096
4100
4101
4103
4141
4151
4152
4161
4165
4236
4249
4250
4252
4291
4292
4307
4326
4350
4353
4355
4356
4367
4404
4410
4415
4420
4424
4428
4451
4473
4494
4506
4508
4530
4558
4567
4574
4578
4579
4581
4587
4632
4633
4634
4635
4639
4640
4641
4645
4650
4652
4653
4657
4658
4678
4682
4684
4685
4688
4701
4708
4711
4728
4729
4732
4739
4755
4761
4782
4785
4786
4798
4826
4841
4848
4876
4884
4885
4888
4893
4905
4915
4916
4922
4932
4943
4961
4966
4967
4968
4969
4970
4971
4982
4988
5001
5012
5020
5025
5032
5041
5047
5048
5071
5080
5082
5107
5118
5132
5139
5154
5164
5171
5173
5177
5213
5215
5221
5227
5231
5246
5249
5274
5276
5280
5297
5317
5328
5346
5370
5378
5380
5457
5460
5466
5469
5495
5515
5524
5525
5545
5556
5597
5598
5605
5618
5625
5628
5641
5644
5646
5679
5680
5684
5688
5695
5697
5698
5705
5717
5723
5736
5738
5759
5760
5789
5794
5804
5812
5828
5832
5834
5873
5894
5901
5906
5917
5918
5919
5926
5928
5930
5945
5968
5997
6000
6001
6003
6007
6010
6015
6016
6021
6022
6027
6028
6029
6030
6034
6035
6044
6047
6058
6060
6070
6072
6084
6085
6093
6096
6103
6108
6111
6115
6116
6121
6123
6137
6146
6148
6157
6158
6160
6162
6171
6173
6176
6189
6191
6194
6195
6196
6197
6198
6200
6209
6214
6220
6221
6227
6228
6230
6231
6232
6234
6235
6239
6244
6246
6247
6250
6258
6261
6262
6266
6268
6282
6292
6295
6302
6321
6325
6330
6345
6357
6361
6362
6364
6366
6374
6377
6380
6383
6403
6427
6436
6439
6446
6449
6450
6451
6456
6470
6488
6496
6507
6538
6540
6541
6558
6563
6566
6591
6599
6602
6629
6632
6635
6641
6643
6644
6645
6646
6648
6677
6679
6683
6684
6698
6713
6723
6740
6808
6828
6837
6855
6869
6870
6898
6901
6903
6909
6914
6941
6952
6954
6979
6986
7002
7011
7035
7037
7041
7048
7050
7055
7073
7074
7077
7078
7083
7097
7110
7113
7124
7126
7158
7168
7174
7186
7190
7210
7214
7224
7240
7258
7268
7278
7313
7318
7337
7344
7364
7368
7370
7378
7379
7381
7390
7406
7414
7419
7424
7425
7436
7442
7451
7455
7456
7460
7466
7468
7470
7474
7483
7484
7509
7519
7521
7525
7537
7538
7545
7554
7573
7578
7588
7601
7608
7621
7653
7684
7702
7713
7719
7739
7750
7752
7753
7786
7815
7816
7822
7860
7890
7897
7903
7904
7914
7941
7942
7943
7945
7946
7960
7970
7980
8029
8030
8031
8035
8041
8051
8052
8062
8087
8089
8100
8101
8105
8117
8119
8138
8140
8143
8156
8219
8221
8247
8248
8263
8271
8292
8294
8295
8307
8319
8320
8345
8372
8387
8400
8413
8414
8457
8466
8470
8477
8481
8494
8519
8552
8554
8555
8578
8586
8596
8600
8606
8611
8613
8621
8634
8636
8662
8671
8682
8703
8706
8711
8746
8749
8751
8752
8760
8767
8777
8782
8795
8798
8810
8836
8837
8847
8868
8870
8878
8889
8902
8905
8907
8909
8910
8913
8918
8923
8945
8947
8959
8970
8972
8987
8991
9000
9007
9038
9039
9044
9055
9057
9071
9084
9113
9119
9124
9140
9149
9151
9163
9171
9173
9174
9175
9182
9198
9220
9225
9251
9257
9277
9339
9340
9374
9381
9419
9421
9446
9452
9455
9470
9472
9484
9496
9501
9503
9505
9506
9521
9525
9565
9566
9570
9572
9573
9578
9596
9608
9611
9612
9613
9614
