56
75
120
128
130
135
151
153
159
165
176
218
254
305
319
382
497
514
558
564
602
633
687
695
717
748
751
764
777
790
791
863
869
941
953
980
996
1041
1097
1109
1216
1220
1228
1237
1240
1254
1255
1272
1278
1281
1291
1293
1316
1345
1364
1369
1385
1418
1437
1439
1441
1455
1483
1554
1631
1649
1655
1692
1738
1745
1749
1765
1770
1787
1791
1806
1825
1829
1848
1864
1866
1918
1948
1958
1961
1966
2005
2017
2023
2031
2034
2102
2105
2117
2118
2153
2207
2232
2244
2245
2250
2358
2380
2389
2396
2419
2420
2422
2425
2431
2465
2477
2482
2483
2487
2516
2539
2556
2605
2625
2627
2669
2737
2783
2784
2830
2832
2912
2957
3000
3044
3060
3100
3104
3149
3178
3182
3192
3216
3237
3238
3283
3285
3354
3371
3436
3451
3480
3492
3533
3537
3598
3604
3631
3638
3650
3661
3719
3728
3765
3799
3820
3899
3909
3916
3928
4019
4038
4064
4094
4103
4151
4291
4292
4326
4353
4355
4410
4506
4530
4574
4579
4587
4634
4635
4640
4650
4653
4657
4682
4685
4688
4732
4739
4755
4761
4782
4785
4798
4841
4876
4884
4885
4905
4915
4916
4943
4961
4967
4969
4970
4971
4988
5012
5020
5032
5047
5164
5215
5274
5276
5280
5297
5317
5378
5380
5466
5469
5515
5524
5597
5598
5641
5644
5646
5679
5680
5684
5698
5705
5717
5723
5736
5738
5759
5760
5789
5794
5804
5812
5834
5906
5918
5945
5968
5997
6000
6001
6007
6015
6022
6027
6028
6029
6034
6044
6070
6084
6103
6108
6111
6116
6121
6123
6137
6160
6171
6173
6189
6191
6195
6197
6200
6221
6228
6230
6232
6239
6244
6250
6258
6268
6282
6292
6295
6302
6325
6357
6361
6362
6364
6366
6403
6427
6439
6449
6450
6451
6488
6558
6563
6566
6591
6632
6644
6646
6677
6679
6684
6740
6855
6898
6901
6903
6909
6952
6954
7041
7055
7077
7078
7097
7110
7158
7164
7174
7190
7224
7313
7318
7337
7364
7368
7379
7414
7419
7425
7442
7451
7483
7509
7537
7545
7554
7573
7684
7750
7753
7816
7860
7897
7903
7914
7943
7945
7960
8031
8035
8041
8051
8089
8101
8105
8143
8219
8248
8263
8292
8294
8295
8307
8320
8345
8372
8387
8457
8466
8470
8494
8519
8554
8555
8586
8596
8606
8611
8662
8671
8706
8749
8751
8752
8810
8836
8870
8878
8889
8910
8923
8947
8970
8972
9038
9039
9044
9057
9071
9151
9163
9175
9220
9339
9374
9455
9503
9505
9572
9578
9611
